age <- c(25, 35, 50)
salary < -c(20000000, 30334343, 324423332)
df <- data.frame("Age" = age, "Salary" = salary, stringsAsFactors = FALSE)
